	[2, 4, 6, 8, 10, 12, 14, 16, 18, 20, 22, 24, 26, 28, 30, 32, 34, 36, 38, 40, 42, 44, 46, 48, 50, 52, 54, 56, 58, 60, 62, 64, 66, 68, 70, 72, 74, 76, 78, 80, 82, 84, 86, 88, 90, 92, 94, 96, 98, 100, 102, 104, 106, 108, 110, 112, 114, 116, 118, 120, 122, 124, 126, 128, 130, 132, 134, 136, 138, 140, 142, 144, 146, 148, 150, 152, 154, 156, 158, 160, 162, 164, 166, 168, 170, 172, 174, 176, 178, 180, 182, 184, 186, 188, 190, 192, 194, 196, 198, 200, 202, 204, 206, 208, 210, 212, 214, 216, 218, 220, 222, 224, 226, 228, 230, 232, 234, 236, 238, 240, 242, 244, 246, 248, 250, 252, 254, 256, 258, 260, 262, 264, 266, 268, 270, 272, 274, 276, 278, 280, 282, 284, 286, 288, 290, 292, 294, 296, 298, 300, 302, 304, 306, 308, 310, 312, 314, 316, 318, 320, 322, 324, 326, 328, 330, 332, 334, 336, 338, 340, 342, 344, 346, 348, 350, 352, 354, 356, 358, 360, 362, 364, 366, 368, 370, 372, 374, 376, 378, 380, 382, 384, 386, 388, 390, 392, 394, 396, 398, 400, 402, 404, 406, 408, 410, 412, 414, 416, 418, 420, 422, 424, 426, 428, 430, 432, 434, 436, 438, 440]
законным	[199]
судебному	[157]
убеждений	[137, 197]
автономной	[35]
основанием	[149]
формирований	[95]
владение	[249]
них	[197]
законных	[249, 389]
частью	[111]
адвоката	[345]
убеждения	[189, 437]
согласия	[151, 167]
под	[157, 157, 267, 345, 345]
людей	[55, 295]
равноправных	[35]
одно	[357]
принудительное	[241]
основам	[117]
самообразования	[311]
человек	[13]
1	[3, 5, 7, 17, 27, 35, 45, 53, 59, 65, 75, 87, 99, 105, 115, 123, 135, 143, 149, 155, 161, 167, 177, 183, 193, 205, 215, 231, 237, 247, 255, 267, 275, 283, 291, 303, 315, 323, 329, 337, 343, 349, 357, 365, 379, 385, 393, 397, 397, 397, 409, 421, 427, 435]
2	[9, 11, 19, 29, 37, 47, 55, 61, 67, 77, 89, 101, 107, 117, 119, 125, 137, 145, 151, 157, 163, 169, 179, 185, 195, 207, 217, 233, 239, 249, 257, 269, 277, 285, 293, 305, 317, 325, 331, 339, 345, 351, 359, 367, 381, 387, 395, 411, 423, 429, 437]
иностранные	[431]
3	[15, 21, 31, 39, 49, 79, 91, 109, 127, 139, 197, 219, 241, 251, 259, 271, 279, 287, 295, 307, 319, 333, 353, 361, 389, 397, 413, 431]
лично	[227]
4	[23, 25, 41, 93, 111, 199, 221, 243, 261, 309]
5	[33, 95, 201, 223, 263, 311]
культурным	[317]
альтернативной	[413]
6	[43]
содержание	[131, 157]
7	[51]
8	[57]
предусмотрено	[169, 429]
лет	[271, 417]
9	[63]
использованием	[261]
обеспечивающих	[53]
то	[111, 259, 357]
иностранным	[435]
пожилых	[55]
суд	[331]
обвинения	[345]
государствах	[437]
область	[37, 37]
государствам	[437]
материалами	[169]
социальных	[55]
приговора	[361]
своей	[31, 161, 177]
прав	[13, 127, 137, 137, 249, 323, 329, 333, 385, 385, 389, 393, 429]
пропаганда	[195, 195]
финансируются	[293]
социальные	[277]
при	[145, 241, 359, 395]
создавать	[205]
объединениям	[137]
национальной	[95, 137, 177]
дела	[145, 337, 339]
часов	[157]
индивидуальные	[227, 261]
защитника	[345]
республика	[37]
приговору	[219]
местного	[19, 83, 107, 131, 169, 217, 227, 285, 331]
территории	[29, 31, 47, 65, 105, 183, 395]
подвергнут	[151]
заботиться	[271, 319]
иной	[231]
также	[19, 137, 217, 219, 227, 259, 361, 413, 437, 437]
развивается	[55]
имени	[161]
чрезвычайного	[393]
родственников	[365]
свободы	[13, 109, 119, 123, 125, 127, 131, 139, 169, 219, 325, 387, 389, 397]
иное	[169, 429]
муниципальном	[307]
муниципальной	[67, 293]
правовое	[7]
языком	[179]
демонстрации	[211]
территорию	[27]
поощряются	[279]
находиться	[67]
правовой	[111, 333]
гражданам	[287, 291, 423, 435]
устанавливающий	[379]
изменение	[95]
лиц	[127, 173, 249, 331, 375, 389, 437, 437]
устанавливающие	[401]
равнозначны	[9]
собрания	[211]
здравоохранения	[291, 293]
устанавливаться	[89, 99, 145, 367, 393]
свободу	[155]
международного	[111, 111, 123, 435, 437]
исповедовать	[189, 189]
технического	[315]
себя	[365]
спорта	[293]
обязанностей	[429]
система	[55]
выходные	[263]
изменить	[49]
могут	[67, 109, 115, 117, 331, 367, 389, 393, 441]
собрание	[75]
совести	[189]
должностного	[137]
здоровью	[299]
здоровья	[291, 293, 293, 295, 389]
поддержка	[55, 59]
свидетельские	[367]
противоречит	[413]
статьями	[397]
иметь	[189, 239, 247, 427]
юридическая	[343]
совет	[75]
национального	[195]
физической	[293]
часть	[397, 397, 397]
всеми	[47, 325]
систем	[293]
осуществляет	[19]
свобода	[59, 189, 189, 193, 201, 205, 315]
обороны	[389]
толкуются	[353]
каждому	[125, 169, 189, 193, 275, 315, 329, 343]
сокрытие	[295]
судебной	[71]
общего	[305, 309]
труду	[255]
недобросовестную	[233]
научного	[315]
труд	[55, 255, 257, 259, 259]
участием	[145, 339]
благополучию	[293]
природным	[405]
природные	[65, 67]
ничто	[149]
телеграфных	[163]
бесплатность	[305]
труда	[55, 259]
пикетирование	[211]
формой	[7]
общепризнанных	[385]
замену	[413]
доказательств	[359]
определяются	[251]
производить	[199]
суверенитета	[17]
качестве	[89, 99, 145]
общепризнанным	[123]
через	[19, 215]
компенсацию	[371]
российской	[17, 23, 27, 29, 29, 35, 39, 39, 39, 39, 41, 45, 47, 47, 49, 55, 59, 61, 65, 71, 75, 75, 75, 75, 77, 79, 79, 83, 87, 91, 95, 105, 105, 105, 105, 107, 111, 111, 115, 117, 123, 183, 185, 185, 211, 215, 217, 221, 223, 227, 293, 323, 333, 385, 387, 395, 397, 409, 411, 413, 417, 421, 421, 427, 427, 429, 429, 431, 431, 431, 437, 437, 437, 441]
допускается	[163, 233, 359, 437]
преступлением	[437]
личную	[155, 161]
забастовку	[261]
присяжных	[145, 339]
федеральное	[75]
официально	[109]
соответствующего	[291]
освобождения	[367]
соблюдение	[13]
договором	[111, 427, 429, 431]
чрезвычайное	[395]
признание	[13]
подсудности	[337]
общепризнанные	[111]
получать	[199]
запрещен	[257]
нормы	[111]
устанавливается	[55]
нетрудоспособных	[271]
единым	[45]
национальную	[177, 195]
праздничные	[263]
гарантированный	[55]
систему	[83]
жизни	[65, 145, 161, 167, 295, 317]
социальную	[195]
экономическая	[233]
расовую	[195]
несение	[413]
системы	[39, 111]
любые	[109, 137]
медицинским	[151]
слова	[193]
обратной	[379, 401]
любым	[199]
средств	[59, 291]
признавалось	[381]
ограничены	[389]
свобод	[13, 127, 137, 323, 329, 333, 385, 385, 393, 429]
идеологическое	[87]
языкового	[195]
принадлежат	[125]
находится	[183]
выражению	[197]
отнесено	[337]
квалифицированной	[343]
создающих	[295]
закон	[379, 381]
ответственность	[295, 379, 381, 381]
граждане	[107, 211, 215, 217, 219, 221, 223, 227, 247, 431]
собственниками	[249]
опубликованы	[109]
принадлежности	[137, 137, 177]
выдан	[421]
федерального	[35, 37, 251, 359, 437]
имеет	[37, 37, 105, 143, 155, 161, 163, 179, 183, 185, 199, 205, 231, 255, 259, 263, 283, 291, 299, 303, 317, 339, 345, 361, 375, 379, 413]
его	[13, 49, 145, 149, 167, 169, 299, 329, 337, 339, 349, 381, 413, 429]
субъекты	[41]
жизнь	[53, 143]
только	[157, 163, 241, 389]
принадлежность	[177]
нарушает	[249]
юридической	[343]
ведения	[39, 79, 79]
образуемые	[77]
составной	[111]
отмены	[145]
смягчении	[361]
многопартийность	[91]
относиться	[405]
случаев	[431]
способностей	[231]
супруга	[365]
взносов	[291]
подрыв	[95]
власти	[17, 19, 21, 23, 39, 39, 39, 41, 71, 77, 79, 79, 83, 107, 131, 169, 217, 285, 331, 375]
строя	[3, 95, 115, 117, 389, 393]
отделены	[101]
разграничение	[79]
объединений	[95, 205, 331]
разграничении	[39, 79]
области	[35]
любую	[189]
объединение	[205, 207]
власть	[19, 23, 71, 75, 77]
гражданство	[45, 427, 427]
нарушение	[95]
болезни	[275]
гарантируются	[59, 123, 263, 305]
поощряют	[285]
объединения	[93, 101, 107, 247]
запрещаются	[137]
гражданства	[49, 429, 429, 431, 435]
обеспечивается	[55]
профессиональные	[205]
установленного	[259]
состоянии	[299]
российскую	[185]
преследуемых	[437]
признаваемые	[437]
природными	[249]
никто	[23, 151, 151, 173, 177, 197, 207, 241, 283, 337, 357, 365, 381]
суверенитет	[27]
происхождения	[137]
нравственности	[389]
республиканской	[7]
общее	[309]
обязанности	[47, 109, 367, 417, 431]
сохранять	[405]
осуществляется	[71, 79]
против	[145, 173, 365]
другие	[65, 67, 117]
так	[215, 239]
отвечающих	[259]
убеждениям	[413]
федерация	[7, 9, 31, 35, 53, 99, 311, 423, 435]
оснований	[45]
федерацию	[185]
другим	[437]
основании	[163, 173]
обвиняемый	[339, 345, 349, 351]
общедоступность	[305]
обвиняемых	[437]
других	[127, 137, 287, 291, 315, 385, 389, 437]
государством	[149, 375]
вводиться	[395]
применяются	[109, 111]
расовой	[95, 137]
участвовать	[215, 217, 223]
образом	[61]
запрещенной	[231]
кормильца	[275]
источником	[17]
охраняется	[149, 237, 315]
социального	[195, 279]
родителей	[269]
быть	[49, 115, 149, 151, 157, 177, 197, 207, 217, 219, 241, 241, 283, 331, 337, 357, 389, 421, 441]
него	[381]
федерации	[17, 23, 27, 29, 29, 35, 39, 39, 39, 39, 41, 45, 47, 47, 49, 55, 59, 61, 65, 71, 75, 75, 75, 75, 75, 77, 79, 79, 83, 87, 91, 95, 105, 105, 105, 105, 107, 111, 111, 115, 117, 123, 183, 185, 185, 211, 215, 217, 221, 223, 227, 293, 323, 333, 385, 387, 395, 397, 409, 411, 413, 417, 421, 421, 427, 427, 429, 429, 431, 431, 431, 437, 437, 437, 441]
совершения	[381, 381]
человеческое	[151]
создают	[285]
культуры	[293, 317, 319]
главы	[115, 441]
другими	[189, 239, 249]
служб	[55]
есть	[7]
запрещенными	[325]
произвольно	[283]
стражу	[157, 345, 345]
воспитания	[179, 275]
вознаграждение	[259]
споры	[261]
властью	[371]
субъектов	[35, 39, 79]
семейную	[161]
самоуправления	[19, 83, 107, 131, 169, 217, 227, 285, 331]
военной	[413]
признанные	[219]
детьми	[309]
деяние	[381]
обвиняемому	[145]
образования	[305, 309, 311]
допускаются	[157, 167, 195]
акты	[105, 109]
памятники	[319]
определению	[177]
муниципальная	[61]
сбор	[167]
глава	[3, 119]
ознакомления	[169]
самоуправление	[83, 83]
единолично	[239]
бережно	[405]
народ	[17, 19]
край	[37]
бездействие	[331, 437]
совершении	[339, 345, 349, 437]
являются	[13, 21, 111, 131]
обязанность	[13, 269]
основное	[309]
идеология	[89]
приобретается	[45]
федеральному	[23]
цели	[95]
женщина	[139]
хранение	[167]
пребыванию	[207]
имеют	[29, 139, 211, 215, 217, 219, 221, 223, 227, 401]
объеме	[417]
полном	[417]
свободно	[183, 185, 189, 199, 249, 255]
отбывания	[437]
пребывания	[183]
образование	[303, 307, 309]
обеспечивает	[31, 371]
переписки	[163]
необходимо	[389]
человека	[13, 53, 109, 119, 123, 125, 127, 131, 137, 293, 323, 333, 385, 387, 389]
соблюдать	[107]
референдуме	[217]
указанием	[393]
ниже	[259]
медицинская	[291]
полномочий	[23, 39, 79, 79, 83]
избирать	[217, 219]
отцовства	[55]
воспитание	[269]
языковой	[137]
монополизацию	[233]
тем	[337]
платить	[401]
законом	[45, 93, 101, 111, 135, 145, 169, 173, 199, 231, 237, 259, 261, 263, 275, 277, 287, 295, 315, 325, 337, 339, 343, 349, 361, 365, 367, 371, 389, 393, 395, 411, 413, 427, 429, 431]
без	[151, 167, 211, 259, 431, 435]
судебная	[329]
наказанию	[151]
осуществлять	[417]
органы	[19, 19, 71, 77, 83, 107, 107, 169, 169, 217, 217, 227, 227, 285, 285, 333]
наказания	[145, 361, 437]
сообщений	[163]
юридическую	[105]
законов	[131]
между	[39, 41, 79]
незаконными	[375]
пола	[137]
конституционным	[393, 395]
нормативные	[109]
потерпевших	[371]
отношения	[137]
соответствии	[45, 123, 189, 287, 295, 333, 393, 411, 427, 435]
ограничения	[137, 393]
ограничению	[397]
благоприятную	[299]
коллективные	[227, 261]
законодательную	[71]
законно	[183, 401]
передача	[437]
услуг	[59]
интеллектуальная	[315]
равное	[269]
иначе	[115, 173, 241, 441]
потерпевшим	[371]
устав	[37]
пока	[349]
конституционного	[3, 95, 115, 117, 389, 393]
определять	[177]
военную	[411]
защищать	[325]
самого	[365]
казнь	[145]
рабочего	[263]
возвращаться	[185]
кроме	[431]
целостности	[39, 95]
конституции	[105, 115, 117, 385, 397]
случаях	[173, 275, 339, 343, 413]
правительство	[75]
массовой	[201]
устанавливает	[311]
рассмотрение	[145, 337, 339]
после	[381]
конституция	[29, 105]
целостность	[31]
конституцию	[37, 107]
пользу	[353]
перечисление	[385]
положение	[395, 401]
обеспечиваются	[131]
стражей	[157]
прекращается	[45]
основано	[39]
наносит	[249]
указывать	[177]
задержанный	[345]
межгосударственные	[333]
иных	[67, 163, 249, 275, 413]
округов	[35]
включая	[189, 205, 261]
чести	[161]
вероисповеданию	[413]
свободный	[179]
иным	[151, 287]
вероисповедания	[189]
профессионального	[305]
предметов	[39, 79, 79]
применяться	[109]
делами	[215]
статья	[5, 11, 15, 25, 33, 43, 51, 57, 63, 69, 73, 81, 85, 97, 103, 113, 121, 129, 133, 141, 147, 153, 159, 165, 171, 175, 181, 187, 191, 203, 209, 213, 225, 229, 235, 245, 253, 265, 273, 281, 289, 297, 301, 313, 321, 327, 335, 341, 347, 355, 363, 369, 373, 377, 383, 391, 399, 403, 407, 415, 419, 425, 433, 439]
если	[109, 111, 169, 249, 333, 381, 413, 429]
иные	[55, 61, 105, 111, 189, 367]
свободные	[21]
соответственно	[345]
приобретения	[45]
пространства	[59]
положения	[1, 115, 117, 137, 393, 441]
ограничение	[163]
свободное	[53, 59, 231]
фактов	[295]
близких	[365]
невиновным	[349]
способом	[199]
лицами	[239, 295]
государственных	[241, 287, 291, 305]
творчества	[179, 315]
может	[23, 49, 89, 99, 145, 149, 151, 157, 177, 185, 197, 207, 241, 241, 283, 337, 357, 381, 395, 417, 421, 427]
федеральными	[41]
трудовому	[263]
получить	[307]
гарантирует	[137, 423]
нарушать	[127]
государственные	[55, 227, 277, 311]
толковаться	[385]
гражданина	[13, 109, 119, 123, 127, 131, 137, 323, 385, 387, 389, 409, 429]
способов	[261]
экономической	[59, 231]
вооруженных	[95]
имущество	[239]
имуществу	[299]
законную	[349]
различные	[311]
наследования	[243]
распространяется	[27]
порядке	[115, 349, 361, 395, 441]
право	[143, 155, 161, 163, 179, 183, 185, 189, 199, 205, 205, 211, 215, 217, 223, 227, 231, 237, 243, 255, 259, 259, 261, 261, 263, 269, 283, 291, 299, 303, 317, 339, 343, 345, 361, 361, 375, 413]
признается	[83, 87, 261]
имущества	[231, 241, 241]
распоряжаться	[239, 255]
обладает	[47]
времени	[263]
права	[13, 49, 109, 111, 119, 123, 123, 125, 127, 131, 139, 145, 163, 169, 219, 285, 325, 337, 371, 387, 389, 397, 417, 435]
затрагивающие	[109]
совместно	[189, 239]
наследия	[319]
правления	[7]
международным	[111, 427, 429, 431]
охраняются	[55, 65, 371]
долгом	[409]
международные	[111]
передвигаться	[183]
наравне	[431]
языка	[137, 179]
запрещается	[95, 195, 201]
органами	[39, 39, 41, 79, 79]
освобождает	[429]
воли	[173]
пределы	[185, 421]
потери	[275]
свободен	[255]
внутригосударственные	[333]
судебного	[157, 163, 173]
обязательной	[89, 99]
просить	[361]
умаляет	[429]
той	[389]
безработицы	[259]
страны	[389]
союзы	[205]
верховенство	[29]
задержанию	[157]
вступившим	[349]
задержания	[345]
принципы	[111]
невиновность	[351]
используются	[65]
умаления	[149]
отправлении	[223]
многонациональный	[17]
собираться	[211]
дети	[271]
истории	[319]
том	[337]
считается	[349]
разделения	[71]
впредь	[145]
высшую	[105]
светское	[99]
гражданин	[47, 49, 185, 411, 413, 417, 421, 427]
строительство	[285]
автономных	[35]
решению	[157, 241]
непосредственно	[19, 131, 169, 215]
экологическому	[293]
умаление	[385]
решения	[157, 163, 173, 331]
возрасту	[275]
полученных	[359]
российская	[7, 9, 31, 35, 53, 99, 311, 423, 435]
конституцией	[47, 79, 115, 123, 441]
либо	[207]
согласно	[123]
способствующая	[293]
автономный	[37]
субъектах	[77]
доброго	[161]
способностями	[255]
более	[157]
семья	[267]
осужден	[357]
условий	[53]
условии	[241]
основ	[95, 389]
налогоплательщиков	[401]
законодательной	[71, 131]
культурной	[317]
учреждениями	[317]
как	[65, 115, 173, 215, 239, 241, 385, 441]
смертная	[145]
агитация	[195]
устранена	[381]
установленными	[287]
местах	[219]
службой	[413]
род	[255]
показания	[367]
ежегодный	[263]
приговором	[349]
должностные	[107, 169]
бюджета	[291]
родители	[309]
устанавливаются	[55, 277]
этого	[163]
своих	[83, 197, 205, 215, 231]
малоимущим	[287]
форм	[279]
местностях	[395]
должностных	[331, 375]
своим	[423]
семьи	[55]
условия	[251, 285]
правами	[47, 431]
детства	[55]
бездействием	[375]
определяют	[131]
убежище	[435]
договоры	[111]
властных	[23]
свободами	[47]
новый	[381]
самоопределении	[39]
новые	[401]
договору	[263]
детство	[267]
доступную	[287]
сомнения	[353]
ухудшающие	[401]
исторического	[319]
противоречить	[105, 117]
доступ	[221, 317, 371]
должно	[127, 385]
помощью	[345]
свидетельствовать	[365]
помощь	[291, 291, 343]
нести	[381]
политическое	[91, 435]
а	[19, 137, 217, 219, 227, 259, 361, 413, 437, 437]
населения	[293]
должны	[105, 271, 387]
в	[17, 23, 39, 45, 55, 59, 61, 65, 67, 71, 75, 77, 83, 83, 83, 87, 89, 91, 99, 105, 115, 123, 123, 145, 173, 173, 173, 185, 189, 207, 207, 215, 217, 217, 219, 223, 227, 239, 247, 259, 275, 275, 287, 287, 287, 291, 293, 295, 305, 307, 317, 323, 331, 333, 333, 337, 339, 339, 343, 345, 349, 349, 349, 353, 353, 361, 381, 385, 387, 389, 389, 389, 393, 393, 395, 395, 411, 413, 413, 417, 427, 431, 435, 437, 437, 437, 437, 441, 441]
фондов	[287]
издаваться	[387]
дополнительных	[279]
частная	[61]
литературного	[315]
и	[9, 13, 13, 13, 13, 17, 19, 21, 29, 31, 37, 37, 39, 39, 39, 45, 45, 47, 47, 53, 55, 55, 55, 55, 59, 61, 61, 65, 65, 65, 67, 67, 71, 71, 75, 79, 79, 79, 79, 83, 95, 95, 95, 101, 105, 105, 107, 107, 109, 109, 111, 111, 115, 119, 119, 123, 123, 123, 123, 123, 125, 125, 127, 127, 127, 131, 131, 131, 131, 131, 135, 137, 137, 137, 139, 139, 139, 155, 157, 161, 161, 163, 167, 169, 169, 169, 177, 177, 179, 183, 189, 189, 189, 193, 195, 197, 199, 211, 211, 215, 217, 217, 219, 227, 227, 231, 231, 233, 239, 239, 241, 247, 249, 249, 249, 249, 251, 255, 259, 259, 261, 263, 267, 269, 275, 277, 279, 285, 287, 291, 291, 293, 293, 293, 295, 295, 299, 305, 305, 305, 307, 311, 315, 317, 319, 319, 323, 323, 325, 329, 331, 331, 333, 337, 349, 357, 365, 371, 371, 385, 385, 385, 387, 387, 389, 389, 389, 389, 393, 393, 393, 395, 395, 397, 401, 405, 409, 417, 423, 429, 429, 431, 431, 435, 441]
политика	[53]
силы	[379, 401]
определяется	[199, 365]
культурного	[319]
к	[137, 137, 177, 197, 207, 221, 255, 317, 337, 371, 405]
тяжкие	[145]
гигиены	[259]
о	[79, 167, 269, 271, 299, 319, 361]
силу	[105, 349]
с	[7, 41, 45, 123, 145, 169, 189, 189, 239, 261, 287, 295, 333, 339, 345, 359, 393, 393, 411, 417, 427, 431, 435]
заключенный	[345]
у	[429]
краев	[35]
они	[109, 131]
жестокому	[151]
земля	[65, 67]
землю	[247]
оно	[287, 337]
основных	[385]
обращаться	[227, 333]
обеспечить	[169]
искать	[199]
применяется	[105, 381]
почтовых	[163]
преследуется	[23]
единственным	[17]
ресурсы	[65, 67]
принимаются	[293]
ценностям	[317]
средства	[333]
высшим	[21]
договора	[111, 437]
несут	[431]
город	[37]
народов	[39, 65]
получение	[309, 343]
осуществляются	[249, 437]
достойную	[53]
охрану	[291]
состоит	[35]
вправе	[173, 177, 239, 247, 307, 325, 333]
благотворительность	[279]
неприкосновенность	[31, 155, 161]
пределами	[423]
разжигание	[95]
жилищных	[287]
научным	[151]
своего	[49, 241, 365]
изменены	[115, 441]
основные	[1, 125]
направлять	[227]
дискриминации	[259]
подвергаться	[151]
единстве	[39]
предприятиях	[305]
пользования	[251]
экономического	[59]
равны	[93, 101, 135]
порядок	[251]
счет	[291]
розни	[95]
избранными	[217, 219]
пересмотр	[361]
товаров	[59]
имеющиеся	[333]
меры	[145, 293]
другому	[151, 421]
присваивать	[23]
ценностью	[13]
единство	[59]
пользование	[179, 249, 317]
охраны	[293]
предъявления	[345]
мысли	[193]
предварительного	[241]
родным	[179]
землей	[249, 251]
обязательно	[309]
всей	[29, 105, 395]
родителях	[271]
покровительство	[423]
мере	[389]
помощи	[343]
пользоваться	[239, 345]
статуса	[441]
органов	[83, 331, 331, 375]
распоряжение	[249]
владеть	[239]
основы	[3, 115, 441]
влечет	[295]
образовательном	[307]
момент	[381]
неустранимые	[353]
указанным	[287]
вражду	[195]
гарантируется	[83, 189, 193, 201, 205, 243, 275, 315, 323, 329, 343]
эпидемиологическому	[293]
государственную	[75, 77, 199]
среду	[299, 405]
основе	[71, 251, 307, 437]
демократическое	[7]
основа	[65]
установленном	[115, 361, 441]
носителем	[17]
беспрепятственно	[185]
среде	[249]
обвиняемого	[353]
собственность	[315]
пользуются	[431]
представителей	[215]
предпринимательской	[231]
профессию	[255]
доказана	[349]
конкурсной	[307]
окружающую	[299, 405]
отдельных	[395]
нужд	[241]
помиловании	[361]
предоставлении	[145]
цензура	[201]
направленная	[233]
умаляющие	[387]
отдельные	[393]
лицо	[157]
правового	[441]
должен	[151]
выдача	[437, 437]
которое	[381]
принципам	[123]
лица	[107, 167, 169, 309, 353, 431]
чем	[111]
установлены	[111]
действиями	[375]
референдум	[21]
установленные	[263, 401]
отказу	[197]
равные	[47, 139, 139]
угрозу	[295]
которого	[53]
насильственное	[95]
это	[249, 389]
равный	[221]
установленных	[173, 261, 275, 395, 413, 431]
действующими	[131]
равным	[45, 61]
распространять	[189, 199]
работающему	[263]
добровольное	[279]
отечества	[409]
присвоение	[23]
момента	[345]
прямое	[105]
страховых	[291]
законодательство	[37, 37]
причиненного	[299, 371, 375]
детей	[275]
двойное	[427]
народа	[21]
признакам	[137]
гражданами	[431]
собственности	[61, 67, 237, 239, 247]
установлена	[349]
вреда	[375]
осуществлении	[359]
или	[23, 49, 89, 95, 99, 137, 151, 151, 151, 173, 189, 189, 195, 195, 195, 197, 207, 287, 299, 305, 307, 309, 331, 345, 361, 375, 375, 379, 381, 385, 387, 401, 413, 421, 427, 429, 431, 437, 437]
осуществление	[127]
личности	[149, 441]
оказывается	[291, 343]
обязанностью	[409]
особо	[145]
действия	[95, 331, 393, 437]
превосходства	[195]
защита	[13, 323, 329, 409]
предусмотренном	[349]
основного	[305, 309]
защите	[333]
многообразие	[87, 91]
индивидуально	[189]
принужден	[177, 197, 207]
правонарушения	[381]
ими	[77]
обучения	[179]
государственной	[19, 39, 39, 39, 39, 41, 67, 77, 79, 79, 83, 89, 99, 107, 169, 217, 221, 285, 293, 331, 375]
несет	[47, 411]
ними	[189]
государственном	[307]
защиту	[161, 259, 423]
повторно	[357]
неприкосновенно	[173]
федеративным	[79]
возбуждающие	[195]
религиозные	[101, 189]
гарантии	[55]
исключительной	[145]
защиты	[55, 205, 333, 389, 393]
действие	[105]
общения	[179]
обращения	[227]
обращению	[151]
пределов	[393]
первый	[1]
содержащиеся	[219]
программы	[293]
вступлению	[207]
частной	[67, 161, 167, 237, 247, 293]
лицам	[435]
деятельность	[95, 131, 233, 293]
мнений	[197]
деятельности	[59, 65, 205, 231, 255]
высшее	[307]
значения	[35, 37]
поощряется	[293]
размер	[55]
высшей	[13]
соответствующей	[65]
неопубликованные	[109]
общественные	[93]
расы	[137]
срок	[157]
кто	[183]
осуществления	[285]
находятся	[267]
лишен	[49, 241, 283, 337]
осуществляют	[75, 77]
распространение	[167]
составляют	[115, 441]
общественных	[95, 205, 331]
использование	[167, 231, 359]
требованиям	[259]
санитарно	[293]
экологическим	[299]
затрагивающими	[169]
лишения	[219]
нормами	[287, 435]
пособия	[55, 277]
унижающему	[151]
общественным	[137]
выбирать	[183, 189, 255]
входят	[83]
отчуждение	[241]
арест	[157]
закона	[251, 359, 437]
судьей	[337]
равноценного	[241]
законе	[287]
конкуренцию	[233]
отменяющие	[387]
жилище	[173, 173, 283, 285, 287]
конкуренции	[59]
федеративное	[7, 39]
жилища	[283]
признаются	[61, 91, 123]
10	[69]
11	[73]
правовые	[105, 109]
12	[81]
13	[85]
14	[97]
правила	[111, 111]
15	[103]
исполнительную	[71]
16	[113]
17	[121]
18	[129, 271, 417]
19	[133]
злоупотреблений	[371]
жительства	[137, 183]
возможности	[139]
официальному	[109]
произведено	[241]
сохранении	[319]
гражданской	[413]
бы	[259]
учреждениях	[291, 305]
применение	[131]
20	[141, 397]
21	[147, 397]
22	[153]
23	[159, 397]
24	[165, 397]
обжалованы	[331]
25	[171]
действовать	[189]
детях	[269]
26	[175]
смысл	[131]
27	[181]
минимальный	[55]
неотчуждаемы	[125]
28	[187, 397]
документами	[169]
29	[191]
достоверную	[299]
государственная	[55, 61, 71, 75, 323]
во	[41]
обязан	[319, 351, 365, 401, 405]
образовательных	[305]
пенсии	[55, 277]
перечень	[199]
возмещение	[299, 375]
исчерпаны	[333]
защищаются	[61]
30	[203]
свою	[19, 37, 177, 351]
31	[209]
32	[213]
расового	[195]
проводить	[211]
33	[225]
34	[229, 397]
равноправии	[39]
судом	[135, 145, 219, 339, 361]
35	[235]
36	[245]
37	[253]
38	[265]
насилию	[151]
39	[273]
среднего	[305]
разрешения	[261]
россия	[7, 9]
никакая	[89, 99]
виновности	[353]
правосудию	[371]
правосудия	[223, 359]
государства	[13, 95, 101, 215, 267, 389, 427, 429]
законы	[29, 105, 107, 109, 109, 387, 401]
целях	[389]
свой	[37]
взаимоотношениях	[41]
свои	[325, 417]
возмещения	[241]
закону	[23]
виновность	[349]
богатствам	[405]
40	[281, 397]
телефонных	[163]
41	[289]
42	[297]
образовательные	[311]
оружия	[211]
43	[301]
44	[313]
устройство	[39]
45	[321]
международными	[333]
принудительный	[257]
46	[327, 397]
47	[335]
48	[157, 341]
срока	[393]
49	[347]
наименования	[9]
перед	[93, 101, 135]
до	[145, 157]
округ	[37]
рождения	[125]
иными	[79]
материнства	[55]
50	[355]
51	[363]
должностными	[295]
давать	[367]
52	[369]
оплаты	[55, 259]
религиозную	[195]
53	[373]
инвалидов	[55]
54	[377, 397]
ее	[17, 27, 39, 47, 111, 145, 299, 395, 413, 423]
митинги	[211]
55	[383]
интересов	[205, 249, 389]
56	[391]
перемещение	[59]
57	[399]
равенство	[137]
58	[403]
59	[407]
материнство	[267]
достигшие	[271]
отягчающий	[379]
выслан	[421]
для	[109, 139, 149, 205, 231, 241, 275, 285, 295, 393, 437]
проживающих	[65, 173]
поддерживает	[311]
60	[415]
составляющих	[199]
61	[419]
62	[425]
63	[433]
64	[439]
же	[357]
художественного	[315]
трудоспособные	[271]
религии	[137]
плату	[287]
равноправны	[41]
религию	[189]
российского	[429]
исполнительной	[71, 131]
договорами	[79, 333]
защитой	[267]
за	[145, 185, 259, 287, 291, 295, 357, 361, 381, 381, 421, 423, 437, 437]
размера	[259]
религия	[99]
дни	[263]
настоящей	[79, 115, 115, 117, 123, 441, 441]
было	[259]
жилищное	[285]
направлены	[95]
реализации	[139]
нуждающимся	[287]
автономная	[37]
муниципальных	[287, 291, 305]
бесплатно	[287, 291, 307, 343]
социальной	[55, 95, 137]
социальное	[53, 275, 279]
направлена	[53]
из	[35, 287, 429]
им	[239]
национальности	[137]
республик	[35]
опубликованию	[109]
службы	[413]
их	[107, 139, 169, 247, 249, 261, 269, 309, 375, 393]
формы	[61, 137, 311]
заседателей	[145, 339]
обязаны	[107, 169]
всеобщего	[109]
здоровье	[55]
вытекающих	[429]
своими	[255]
религиозной	[95, 137]
службу	[411]
дошкольного	[305]
принимаемые	[105]
службе	[221]
иностранного	[427, 429]
подвергнуто	[157]
мирно	[211]
забота	[269]
является	[17, 45, 409]
городов	[35]
никакие	[117]
тайну	[161, 163, 199]
шествия	[211]
оплачиваемый	[263]
непосредственным	[21]
граждан	[55, 137, 393]
управлении	[215]
религиозного	[195]
окружающей	[249]
пыткам	[151]
сборы	[401]
обеспечивают	[309]
судебную	[71]
заменяющие	[309]
которых	[95, 337, 365]
добровольного	[151]
налоги	[401, 401]
ущерба	[249, 299, 371]
случае	[275, 413]
вышестоящим	[361]
президент	[75]
нормам	[123]
политические	[437]
правонарушением	[299, 381]
укрепления	[293]
укреплению	[293]
случаи	[367]
поступлений	[291]
обстоятельств	[137, 295, 395]
ненависть	[195]
минимального	[259]
преподавания	[315]
отрицание	[385]
создание	[53, 95, 95, 279]
правосудием	[131]
будет	[349]
областей	[35]
собой	[41, 295]
обеспечения	[279, 389, 393]
место	[183]
страхование	[279]
предоставляется	[287]
государство	[7, 37, 53, 99, 137, 371]
самостоятельны	[71]
никакой	[189]
развитию	[293, 293]
условиях	[259, 393]
предоставляет	[435]
преступление	[357, 361]
отдых	[263]
государству	[421]
участие	[317]
на	[27, 29, 39, 47, 53, 65, 71, 71, 95, 105, 143, 145, 155, 157, 161, 163, 163, 173, 179, 179, 183, 205, 231, 233, 251, 259, 259, 259, 261, 261, 263, 283, 285, 291, 299, 299, 303, 305, 307, 307, 317, 317, 337, 339, 343, 361, 375, 395, 413, 437]
преступлений	[371]
не	[23, 49, 83, 89, 99, 105, 109, 109, 109, 115, 117, 127, 149, 151, 151, 157, 167, 169, 173, 177, 189, 195, 197, 207, 219, 231, 233, 241, 249, 249, 259, 283, 325, 337, 349, 351, 357, 359, 365, 379, 381, 381, 385, 387, 397, 401, 421, 429, 429, 429, 437, 437, 441]
выбор	[179]
самостоятельно	[83, 417]
каждый	[47, 143, 155, 161, 163, 177, 179, 183, 185, 199, 205, 231, 239, 255, 259, 263, 283, 291, 299, 303, 307, 317, 319, 325, 333, 345, 349, 361, 375, 401, 405]
подлежат	[109, 397]
ни	[259]
финансовых	[59]
трудовые	[261]
смягчена	[381]
природу	[405]
раздел	[1]
обеспечение	[275]
недееспособными	[219]
преступления	[145, 339, 345, 349, 437]
способами	[325]
независимо	[45, 137]
ресурсами	[249]
местное	[83, 83]
места	[137]
медицинскую	[291]
федеральные	[29, 293, 311]
нем	[173, 207]
заключение	[157]
общепризнанными	[435]
продолжительность	[263]
формах	[67]
переговоров	[163]
дума	[75]
федеральным	[45, 145, 173, 199, 259, 261, 263, 295, 339, 349, 361, 365, 367, 389, 393, 395, 411, 413, 427, 429, 431]
безопасности	[95, 259, 389, 393]
доказывать	[351]
развитие	[53]
выражением	[21]
мужчина	[139]
инвалидности	[275]
от	[45, 101, 125, 137, 197, 259, 367, 371, 429]
суды	[75]
нарушением	[359]
всю	[27]
сведений	[199]
все	[41, 135, 333]
пределах	[83]
возможность	[169]
суде	[337]
по	[23, 137, 157, 219, 241, 263, 275, 293, 333]
информации	[167, 201]
заключения	[345]
предусмотренные	[47, 111, 397]
достоинство	[149, 151]
указанию	[177]
суда	[219, 241, 349]
передавать	[199]
сведения	[109]
информацию	[199, 299]
круг	[365]
осужденный	[361]
опытам	[151]
отпуск	[263]
имущественного	[137]
предусмотренных	[339, 343]
проникать	[173]
захват	[23]
какой	[259, 389]
предприятии	[307]
учреждении	[307]
беречь	[319]
наличие	[429]
выборы	[21]
наличии	[395]
видов	[315]
какое	[207]
стандарты	[311]
выезжать	[185]
осужденных	[437]
