10 61 118 126 113
20 121 314 432 289
30 182 595 853 478
40 253 867 1484 764
50 314 1291 2298 1015
60 394 1762 3026 1230
70 438 2126 4018 1546
80 496 2653 5057 1937
90 561 3527 6512 2110
100 637 3792 7715 2549
110 695 4459 9161 2733
120 743 5272 11053 3315
130 917 6237 12809 3818
140 886 7245 14962 4096
150 1020 7799 17014 4414
160 1044 9480 19485 5456
170 1088 10114 21360 5270
180 1124 10822 23967 5964
190 1222 11736 26798 5951
200 1250 13770 29106 6939
210 1343 14379 32933 7467
220 1442 15616 35912 8067
230 1590 17393 39305 8316
240 1621 18640 42840 9733
250 1574 20096 44967 9261
260 1828 21297 49125 10220
270 1688 22739 52806 10000
280 1796 24412 56657 11652
290 1805 26260 61010 12302
300 1900 28714 65283 12329
310 1925 30022 68846 12354
320 2022 31432 75168 15669
330 2308 34075 78227 14441
340 2150 35450 83105 15117
350 2258 37869 88112 14817
360 2242 38666 92007 17544
370 2331 41401 97503 17276
380 2373 43316 104118 17681
390 2479 46834 107905 18051
400 2487 48047 114419 21111
410 2556 49855 118920 19726
420 2649 53585 126139 21097
430 2784 55532 132015 20251
440 2805 57024 136619 23234
450 2843 60610 142606 24454
460 2859 61682 149797 24412
470 2982 64902 155186 23603
480 2963 67731 163949 30073
490 3202 71132 166905 26022
500 3212 72459 176115 27047
