0.050294816
0.06312668
0.064523816
0.06917161
0.08406484
0.09985113
0.10558498
0.1077773
0.13990861
0.14123756
0.16904318
0.1802938
0.18387628
0.1858195
0.21184582
0.21513134
0.23486894
0.2360766
0.24136943
0.25061417
0.2513439
0.2564873
0.2644567
0.27193666
0.2794531
0.3041163
0.30766636
0.32949537
0.3386172
0.37483317
0.37759978
0.38581038
0.42293507
0.4278865
0.4365211
0.43874168
0.44872415
0.45286298
0.45341593
0.4800011
0.4996819
0.50322413
0.5058305
0.51000166
0.5414463
0.55023426
0.5609864
0.56465566
0.5807813
0.612717
0.6192737
0.6205365
0.62253827
0.6406516
0.6594961
0.68160534
0.69145334
0.69834954
0.7013897
0.71966034
0.72969437
0.73885053
0.74107397
0.74876297
0.7736593
0.78072566
0.7907009
0.7978732
0.80262685
0.8077238
0.80978966
0.8224846
0.82681406
0.8343133
0.9010625
0.90591437
0.9307078
0.9625543
0.9923951
0.9937511

0.04092425
0.050721228
0.06470132
0.073893726
0.079904675
0.099450886
0.114159465
0.114513814
0.12864882
0.13686103
0.15719754
0.1638369
0.17423862
0.20011705
0.20721698
0.24067539
0.2411015
0.2509355
0.26479912
0.26582694
0.26748276
0.26947123
0.27242804
0.27570105
0.27949733
0.28482896
0.28587526
0.30486667
0.30771488
0.3319165
0.34366304
0.37405664
0.38545203
0.3907959
0.40260988
0.41766882
0.44480693
0.44613838
0.46841782
0.46862143
0.4715541
0.53251815
0.5405988
0.5554461
0.5674988
0.5679366
0.5778521
0.6017739
0.6076428
0.6110558
0.6166347
0.6594566
0.662082
0.6789991
0.69109863
0.70151144
0.7292895
0.76270723
0.7662378
0.7766209
0.7794142
0.7795973
0.81233424
0.81557596
0.8229698
0.8549298
0.8562921
0.8620221
0.86808324
0.8707234
0.8842774
0.8857717
0.8977019
0.9021346
0.9056784
0.90814155
0.92149496
0.9327142
0.94334966
0.9970398

0.013440251
0.015401483
0.047648907
0.08086544
0.093248904
0.0953576
0.099663556
0.112975895
0.113740265
0.11760938
0.11772114
0.12229377
0.12948042
0.13078183
0.13086295
0.13151234
0.13191104
0.15746617
0.1676845
0.16962063
0.18129516
0.18322754
0.19656819
0.21255666
0.23142129
0.23839527
0.25341022
0.25979984
0.25980997
0.26928514
0.29890496
0.3028419
0.33589947
0.34029067
0.35578644
0.35741025
0.38020712
0.39360744
0.4095487
0.4128297
0.416829
0.4386121
0.45483643
0.46133876
0.4683795
0.4849909
0.49922734
0.50298184
0.52951646
0.5484637
0.55911803
0.56070685
0.56839734
0.58876514
0.5980381
0.6095245
0.66505635
0.66691566
0.6707445
0.67411083
0.717341
0.71854734
0.73054487
0.73619
0.7642026
0.808178
0.81929374
0.84534633
0.8468745
0.85189617
0.8597417
0.8609525
0.86354274
0.89612377
0.8980249
0.89909273
0.9112174
0.93303823
0.9384498
0.939636

