0.009911597
0.013157606
0.027504563
0.029814005
0.03639263
0.041433394
0.041995525
0.059246898
0.06780177
0.070706725
0.07978195
0.10647017
0.12231207
0.13797551
0.18506074
0.19376856
0.20455295
0.21939886
0.22388929
0.2328152
0.23554271
0.2453211
0.24879241
0.2668603
0.2776547
0.2985307
0.30493492
0.3224318
0.33099812
0.3356986
0.34520143
0.35525137
0.3749519
0.37772602
0.38344002
0.38857943
0.41068447
0.4434653
0.49190474
0.49238354
0.4941852
0.5058143
0.5186917
0.5253931
0.56732816
0.57219577
0.5749095
0.57798976
0.5804978
0.5875605
0.61462605
0.6246484
0.67541623
0.676397
0.6766433
0.698065
0.7015955
0.71358234
0.7174413
0.7198306
0.7317388
0.7809535
0.7907553
0.79722065
0.8057807
0.81347907
0.8151296
0.82918304
0.84797174
0.8609269
0.890366
0.8934003
0.89952564
0.9027081
0.9189331
0.93155587
0.93579155
0.9504027
0.9720988
0.99500674

0.006882012
0.018889844
0.02481252
0.029573321
0.07677269
0.078110576
0.0894531
0.09719092
0.106076896
0.11301994
0.11945945
0.1297139
0.14044762
0.15303409
0.16419816
0.18322688
0.19457984
0.23209399
0.25471383
0.25793004
0.25952
0.25972366
0.2748751
0.28421253
0.3330232
0.34938008
0.35273832
0.36683893
0.3787015
0.40403146
0.40565574
0.42199618
0.4253584
0.44916737
0.4499703
0.45389223
0.50110173
0.51131105
0.5113299
0.5559424
0.5723799
0.5763052
0.5806529
0.60349
0.60553974
0.627376
0.6392252
0.640733
0.6559064
0.6575988
0.6591417
0.662524
0.6727618
0.70181435
0.7120523
0.7261058
0.72782344
0.7342279
0.7436285
0.7552802
0.78004205
0.7868347
0.8043677
0.8261994
0.84213275
0.8447941
0.84766644
0.867515
0.8779083
0.88363886
0.8957291
0.91161966
0.92142457
0.92807406
0.9313977
0.96422863
0.96661615
0.9793594
0.9874049
0.99187946

0.009318233
0.014929354
0.04047841
0.07171559
0.077013075
0.09049386
0.13260573
0.14587164
0.15544659
0.1567958
0.15693879
0.17661113
0.1800744
0.18378437
0.19206387
0.2131396
0.24523348
0.24525267
0.2745198
0.3044924
0.34013093
0.34472072
0.35794765
0.36668468
0.37757772
0.38000345
0.38817477
0.43418568
0.44529653
0.45811135
0.46063858
0.463966
0.48631513
0.49793178
0.5023902
0.51554966
0.51828575
0.547446
0.553628
0.5599234
0.56349564
0.57087386
0.5866574
0.5871677
0.62565356
0.63222545
0.6561878
0.6604706
0.66276443
0.6852885
0.747309
0.7609482
0.76502204
0.7761857
0.8032843
0.810935
0.81131107
0.8113916
0.82151157
0.8297464
0.84087
0.84183073
0.8579474
0.86739475
0.875329
0.8822925
0.8841933
0.8888633
0.8935587
0.9006002
0.9055818
0.9073655
0.9320631
0.9359978
0.9381052
0.9440362
0.96186006
0.9846013
0.9860815
0.9991017

