0.0070212483
0.00911063
0.025157154
0.054785013
0.07900143
0.088027656
0.109086454
0.1128934
0.123458505
0.13466752
0.14550763
0.14594519
0.14825684
0.15889055
0.15917647
0.16788107
0.1757145
0.17924601
0.19079792
0.20490056
0.22985029
0.24358684
0.25314367
0.25838387
0.25892007
0.27495277
0.29255068
0.30733395
0.3154192
0.3191073
0.31962335
0.3270281
0.32861853
0.33069867
0.33471066
0.33631545
0.3502547
0.35097933
0.3628922
0.38418144
0.39234054
0.42941445
0.4343843
0.43966854
0.44565648
0.45574385
0.45579123
0.45675772
0.48037326
0.4839183
0.492334
0.49908668
0.5005679
0.50170076
0.5260599
0.52800447
0.5394732
0.54915065
0.5928356
0.59788066
0.61711085
0.6363605
0.6440418
0.6729117
0.68654037
0.68717134
0.70908505
0.7630074
0.78742665
0.7885461
0.8088636
0.81122965
0.8206879
0.87305105
0.8980602
0.9049525
0.92446893
0.9484066
0.96863955
0.98002344

0.002957642
0.00792402
0.023039162
0.036560476
0.040673494
0.041756153
0.04736519
0.04877001
0.055154562
0.065933645
0.071662724
0.08098543
0.081863225
0.0955109
0.096110106
0.11787808
0.12716776
0.13359404
0.13674158
0.18003643
0.18286753
0.18836397
0.1967591
0.20002645
0.24188304
0.24200892
0.24385273
0.2652756
0.26848656
0.26950747
0.2991501
0.30812413
0.3244064
0.34890288
0.35916263
0.3642226
0.3771
0.3783697
0.37859118
0.38244516
0.40529722
0.405487
0.44050735
0.44381654
0.4580226
0.45820278
0.4615512
0.46223712
0.46515954
0.4655537
0.46676087
0.47645295
0.480794
0.4839306
0.48921806
0.55555755
0.5620245
0.5659916
0.5661752
0.56688136
0.5777865
0.5872431
0.6374626
0.66465706
0.6926822
0.7061896
0.7162406
0.71968216
0.73042816
0.7330756
0.74211544
0.74905807
0.8003561
0.81452405
0.8653999
0.8816406
0.90215296
0.9211352
0.96413314
0.99669015

0.0019347668
0.008870423
0.026054025
0.028512657
0.05625391
0.059325278
0.062225163
0.06281704
0.06725663
0.13014585
0.13272727
0.14182514
0.15664989
0.21667081
0.24093056
0.2713127
0.27810204
0.2840678
0.2931816
0.29918283
0.32262993
0.3494196
0.36065185
0.36110204
0.36191976
0.3637328
0.3720215
0.37868136
0.3798883
0.42893696
0.44636476
0.4513418
0.46959847
0.49699396
0.49979103
0.51688904
0.51890796
0.5342056
0.5602225
0.5673518
0.582927
0.6058787
0.6092556
0.6178768
0.620442
0.6259237
0.63263506
0.6334453
0.6420643
0.649846
0.6532845
0.6626511
0.6648516
0.6729432
0.7119431
0.71222085
0.7240616
0.73230934
0.7384101
0.73990744
0.74024403
0.7520587
0.7720766
0.79220504
0.8215887
0.8413879
0.8470406
0.8483977
0.8550339
0.87417173
0.8892784
0.89830464
0.89935637
0.90031284
0.9023804
0.9025537
0.9585232
0.96004164
0.96462315
0.9662596

